167 68 1974 4 1 1
162 49 1974 3 1 1
158 50 1978 3 1 1
165 56 1977 4 1 1
160 52 1959 4 1 1
162 52 1972 4 1 2
162 50 1970 4 1 1
167 61 1967 3 1 2
156 44 1969 2 1 2
157 55 1979 4 1 1
158 54 1974 4 1 1
155 47 1980 3 1 1
160 53 1978 3 1 1
153 45 1976 3 1 1
162 47 1979 4 1 1
163 54 1973 4 1 1
165 52 1975 4 1 1
162 42 1973 2 1 1
162 51 1966 3 1 1
172 72 1974 4 2 1
158 54 1975 4 1 1
153 56 1976 2 1 1
156 47 1971 1 1 1
168 52 1972 1 2 1
168 67 1977 4 1 1
158 60 1958 3 1 2
160 50 1974 2 1 1
162 54 1974 2 1 2
162 47 1972 2 1 1
164 50 1976 2 1 1
173 56 1977 3 1 1
161 46 1968 2 1 1
165 59 1975 4 1 1
160 47 1974 2 1 2
164 60 1974 2 1 1
167 52 1975 4 1 1
162 50 1972 3 1 2
164 52 1978 3 1 1
161 51 1976 1 1 1
170 70 1971 4 2 1
168 52 1976 4 1 1
163 53 1976 2 1 1
158 46 1972 1 1 1
160 48 1970 4 1 1
158 48 1973 2 1 1
163 57 1970 4 1 2
160 49 1972 2 1 2
158 42 1970 4 1 1
158 46 1963 4 1 2
168 57 1971 1 1 1
155 51 1976 2 1 1
160 50 1964 3 1 2
163 64 1955 3 1 2
157 54 1974 2 1 1
160 48 1973 2 1 1
165 46 1978 2 1 1
167 55 1978 2 1 1
162 50 1974 1 1 1
159 53 1978 2 1 1
157 45 1974 2 1 1
160 51 1975 3 1 1
162 55 1977 4 1 1
158 47 1976 3 1 1
155 43 1973 4 1 1
153 53 1975 4 1 1
160 55 1975 4 1 2
160 52 1976 1 1 1
160 48 1977 4 1 1
163 55 1978 4 1 1
158 55 1975 2 1 1
158 48 1975 2 1 1
162 50 1973 2 1 1
163 57 1979 2 1 1
165 50 1976 4 1 1
169 60 1975 4 1 1
155 50 1978 4 1 1
155 48 1974 4 1 1
160 42 1972 1 1 1
156 48 1976 3 1 1
176 73 1954 1 2 2
163 58 1973 1 1 1
161 53 1965 2 1 2
157 57 1968 3 1 1
165 49 1971 4 1 1
160 62 1972 4 2 1
170 69 1963 3 2 2
156 50 1958 3 1 2
162 58 1979 4 1 1
167 57 1979 4 1 1
161 48 1972 4 1 2
160 44 1974 2 1 1
165 56 1977 1 1 1
165 57 1976 4 1 1
165 55 1975 4 1 1
163 57 1970 1 1 1
166 58 1981 4 1 1
168 58 1982 4 1 1
170 75 1958 3 2 2
170 58 1962 3 2 2
153 45 1969 3 1 2
152 59 1958 4 1 2
164 60 1966 2 1 2
158 48 1981 1 1 1
160 58 1978 1 1 1
165 64 1971 4 1 1
164 52 1980 3 1 1
166 49 1971 3 1 2
163 55 1966 3 1 2
158 57 1965 2 1 1
160 52 1965 3 1 2
165 68 1967 3 2 2
165 55 1979 4 1 1
160 50 1970 4 1 1
158 43 1977 2 1 1
163 52 1975 4 1 1
158 42 1980 2 1 1
164 52 1977 2 1 1
154 58 1982 1 1 1
168 60 1981 4 1 1
164 56 1956 3 1 1
180 80 1960 3 2 2
160 50 1973 1 1 1
175 78 1956 1 2 2
170 65 1962 3 2 2
175 75 1966 4 2 1
160 53 1971 2 1 1
169 57 1949 3 2 2
165 53 1956 4 1 2
150 44 1968 2 1 1
165 67 1960 3 2 2
165 58 1970 4 1 1
158 58 1972 2 1 1
165 60 1973 4 1 1
160 56 1974 4 1 1
168 52 1972 3 1 1
168 56 1970 2 1 2
159 45 1970 3 1 1
160 48 1978 4 1 1
155 45 1971 4 1 2
164 50 1982 2 1 1
162 49 1974 1 1 1
160 51 1975 4 1 1
155 47 1967 2 1 2
160 42 1966 2 1 2
162 53 1972 2 1 1
160 45 1972 4 1 1
164 48 1974 4 1 1
162 48 1977 3 1 1
161 54 1972 3 1 1
163 50 1974 4 1 1
166 51 1973 4 1 1
167 53 1972 2 1 1
160 54 1971 1 1 1
152 40 1973 2 1 1
153 52 1959 3 1 1
156 53 1968 4 1 1
170 62 1972 2 2 1
165 55 1976 3 1 1
161 51 1975 2 1 1
161 55 1974 4 1 1
150 40 1960 3 1 1
164 53 1966 1 1 2
162 54 1972 3 1 1
155 57 1957 4 1 2
179 59 1974 2 2 1
152 50 1953 2 1 2
160 45 1975 1 1 1
173 53 1976 2 1 1
174 66 1960 4 2 2
178 60 1965 4 2 2
158 50 1968 2 1 2
155 51 1976 4 1 1
164 50 1982 4 1 1
163 52 1979 4 1 2
160 56 1979 3 1 1
160 49 1974 4 1 1
166 54 1980 4 1 1